RMSE: 316.6233918400361
MAE: 263.591064453125
MAPE: 13.408310183877239
