RMSE: 1445.2193909802463
MAE: 1052.1583123458058
MAPE: 32.264970477524535
