RMSE: 497.51684935504795
MAE: 383.45753987630206
MAPE: 21.956286262554027
