RMSE: 126.06583054976588
MAE: 43.67597039540608
MAPE: 75.48114087047604
