RMSE: 256.826378731136
MAE: 207.99366590711804
MAPE: 15.151960168431177
