RMSE: 1287.4292539646835
MAE: 956.7855963456003
MAPE: 34.130579829796446
