RMSE: 54.93497143139212
MAE: 28.861660321553547
MAPE: 58.26054788242134
