RMSE: 302.9560805925763
MAE: 243.77023154810854
MAPE: 15.948340556022972
