RMSE: 538.7733926750948
MAE: 387.51611328125
MAPE: 19.51360948412215
