RMSE: 245.126712213342
MAE: 84.78224845554517
MAPE: 20.271349840280575
